"","File","time_ms","env","F0","TP","Word","Gestural_Prom","Prosodic_Prom","Syll_num","Syll","Participant","Language","Item_type","Item_num","Focus","Gender","Age","Native_language"
"1","G33_T_03_I",15,0,0,NA,NA,"",NA,NA,NA,33,"German","target",3,"information","female",19,"German"
"2","G33_T_03_I",25,0,0,NA,NA,"",NA,NA,NA,33,"German","target",3,"information","female",19,"German"
"3","G33_T_03_I",35,0,0,NA,NA,"",NA,NA,NA,33,"German","target",3,"information","female",19,"German"
"4","G33_T_03_I",45,0,0,NA,NA,"",NA,NA,NA,33,"German","target",3,"information","female",19,"German"
"5","G33_T_03_I",55,0,0,NA,NA,"",NA,NA,NA,33,"German","target",3,"information","female",19,"German"
"6","G33_T_03_I",65,0,0,NA,NA,"",NA,NA,NA,33,"German","target",3,"information","female",19,"German"
"7","G33_T_03_I",75,0,0,NA,NA,"",NA,NA,NA,33,"German","target",3,"information","female",19,"German"
"8","G33_T_03_I",85,0,0,NA,NA,"",NA,NA,NA,33,"German","target",3,"information","female",19,"German"
"9","G33_T_03_I",95,4.75758447079838e-05,0,NA,NA,"",NA,NA,NA,33,"German","target",3,"information","female",19,"German"
"10","G33_T_03_I",105,9.52775300941514e-05,0,NA,NA,"",NA,NA,NA,33,"German","target",3,"information","female",19,"German"
"11","G33_T_03_I",115,9.55359045165835e-05,0,NA,NA,"",NA,NA,NA,33,"German","target",3,"information","female",19,"German"
"12","G33_T_03_I",125,9.57860909004662e-05,0,NA,NA,"",NA,NA,NA,33,"German","target",3,"information","female",19,"German"
"13","G33_T_03_I",135,9.59901738092359e-05,0,NA,NA,"",NA,NA,NA,33,"German","target",3,"information","female",19,"German"
"14","G33_T_03_I",145,9.61358359905225e-05,0,NA,NA,"",NA,NA,NA,33,"German","target",3,"information","female",19,"German"
"15","G33_T_03_I",155,9.62324580867896e-05,0,NA,NA,"",NA,NA,NA,33,"German","target",3,"information","female",19,"German"
"16","G33_T_03_I",165,9.62925058635452e-05,0,NA,NA,"",NA,NA,NA,33,"German","target",3,"information","female",19,"German"
"17","G33_T_03_I",175,9.63147576383478e-05,0,NA,NA,"",NA,NA,NA,33,"German","target",3,"information","female",19,"German"
"18","G33_T_03_I",185,9.62952059871269e-05,0,NA,NA,"",NA,NA,NA,33,"German","target",3,"information","female",19,"German"
"19","G33_T_03_I",195,9.62432652018962e-05,0,NA,NA,"",NA,NA,NA,33,"German","target",3,"information","female",19,"German"
"20","G33_T_03_I",205,9.61626328513911e-05,0,NA,NA,"",NA,NA,NA,33,"German","target",3,"information","female",19,"German"
"21","G33_T_03_I",215,9.60412795754386e-05,0,NA,NA,"",NA,NA,NA,33,"German","target",3,"information","female",19,"German"
"22","G33_T_03_I",225,9.58638160264739e-05,0,NA,NA,"",NA,NA,NA,33,"German","target",3,"information","female",19,"German"
"23","G33_T_03_I",235,9.56515393314463e-05,0,NA,NA,"",NA,NA,NA,33,"German","target",3,"information","female",19,"German"
"24","G33_T_03_I",245,9.54460217337259e-05,0,NA,NA,"",NA,NA,NA,33,"German","target",3,"information","female",19,"German"
"25","G33_T_03_I",255,9.52917604440705e-05,0,NA,NA,"",NA,NA,NA,33,"German","target",3,"information","female",19,"German"
"26","G33_T_03_I",265,9.52407336368271e-05,0,NA,NA,"",NA,NA,NA,33,"German","target",3,"information","female",19,"German"
"27","G33_T_03_I",275,9.53156995632118e-05,0,NA,NA,"",NA,NA,NA,33,"German","target",3,"information","female",19,"German"
"28","G33_T_03_I",285,9.54909069502534e-05,0,NA,NA,"",NA,NA,NA,33,"German","target",3,"information","female",19,"German"
"29","G33_T_03_I",295,9.57187414836953e-05,0,NA,NA,"",NA,NA,NA,33,"German","target",3,"information","female",19,"German"
"30","G33_T_03_I",305,9.59553067230042e-05,0,NA,NA,"",NA,NA,NA,33,"German","target",3,"information","female",19,"German"
"31","G33_T_03_I",315,9.61467401299552e-05,0,NA,NA,"",NA,NA,NA,33,"German","target",3,"information","female",19,"German"
"32","G33_T_03_I",325,9.62464308282143e-05,0,NA,NA,"",NA,NA,NA,33,"German","target",3,"information","female",19,"German"
"33","G33_T_03_I",335,9.6238720815235e-05,0,NA,NA,"",NA,NA,NA,33,"German","target",3,"information","female",19,"German"
"34","G33_T_03_I",345,9.61072615728993e-05,0,NA,NA,"",NA,NA,NA,33,"German","target",3,"information","female",19,"German"
"35","G33_T_03_I",355,9.58262095678633e-05,0,NA,NA,"",NA,NA,NA,33,"German","target",3,"information","female",19,"German"
"36","G33_T_03_I",365,9.54144078227704e-05,0,NA,NA,"",NA,NA,NA,33,"German","target",3,"information","female",19,"German"
"37","G33_T_03_I",375,9.49471225875205e-05,0,NA,NA,"",NA,NA,NA,33,"German","target",3,"information","female",19,"German"
"38","G33_T_03_I",385,9.4481582156115e-05,0,NA,NA,"",NA,NA,NA,33,"German","target",3,"information","female",19,"German"
"39","G33_T_03_I",395,9.40370067341643e-05,0,NA,NA,"",NA,NA,NA,33,"German","target",3,"information","female",19,"German"
"40","G33_T_03_I",405,9.36259712787825e-05,0,NA,NA,"",NA,NA,NA,33,"German","target",3,"information","female",19,"German"
"41","G33_T_03_I",415,9.32678823935029e-05,0,NA,NA,"",NA,NA,NA,33,"German","target",3,"information","female",19,"German"
"42","G33_T_03_I",425,9.29963092114259e-05,0,NA,NA,"",NA,NA,NA,33,"German","target",3,"information","female",19,"German"
"43","G33_T_03_I",435,9.28274395761772e-05,0,NA,NA,"",NA,NA,NA,33,"German","target",3,"information","female",19,"German"
"44","G33_T_03_I",445,9.27389438306327e-05,0,NA,NA,"",NA,NA,NA,33,"German","target",3,"information","female",19,"German"
"45","G33_T_03_I",455,9.27055819787123e-05,0,NA,NA,"",NA,NA,NA,33,"German","target",3,"information","female",19,"German"
"46","G33_T_03_I",465,9.27046548965088e-05,0,NA,NA,"",NA,NA,NA,33,"German","target",3,"information","female",19,"German"
"47","G33_T_03_I",475,9.27153138839444e-05,0,NA,NA,"",NA,NA,NA,33,"German","target",3,"information","female",19,"German"
"48","G33_T_03_I",485,9.27291061786809e-05,0,NA,NA,"",NA,NA,NA,33,"German","target",3,"information","female",19,"German"
"49","G33_T_03_I",495,9.27403676601412e-05,0,NA,NA,"",NA,NA,NA,33,"German","target",3,"information","female",19,"German"
"50","G33_T_03_I",505,9.27325956007592e-05,0,NA,NA,"",NA,NA,NA,33,"German","target",3,"information","female",19,"German"
"51","G33_T_03_I",515,9.269387835007e-05,0,NA,NA,"",NA,NA,NA,33,"German","target",3,"information","female",19,"German"
"52","G33_T_03_I",525,9.26379679660242e-05,0,NA,NA,"",NA,NA,NA,33,"German","target",3,"information","female",19,"German"
"53","G33_T_03_I",535,9.25781349995078e-05,0,NA,NA,"",NA,NA,NA,33,"German","target",3,"information","female",19,"German"
"54","G33_T_03_I",545,9.25366665804389e-05,0,NA,NA,"",NA,NA,NA,33,"German","target",3,"information","female",19,"German"
"55","G33_T_03_I",555,9.25468135099565e-05,0,NA,NA,"",NA,NA,NA,33,"German","target",3,"information","female",19,"German"
"56","G33_T_03_I",565,9.25908232260814e-05,0,NA,NA,"",NA,NA,NA,33,"German","target",3,"information","female",19,"German"
"57","G33_T_03_I",575,9.26263888472759e-05,0,NA,NA,"",NA,NA,NA,33,"German","target",3,"information","female",19,"German"
"58","G33_T_03_I",585,9.26472204243772e-05,0,NA,NA,"",NA,NA,NA,33,"German","target",3,"information","female",19,"German"
"59","G33_T_03_I",595,9.26643809088065e-05,0,NA,NA,"",NA,NA,NA,33,"German","target",3,"information","female",19,"German"
"60","G33_T_03_I",605,9.26986175131481e-05,0,NA,NA,"",NA,NA,NA,33,"German","target",3,"information","female",19,"German"
"61","G33_T_03_I",615,9.27825644991176e-05,0,NA,NA,"",NA,NA,NA,33,"German","target",3,"information","female",19,"German"
"62","G33_T_03_I",625,9.29329708678063e-05,0,NA,NA,"",NA,NA,NA,33,"German","target",3,"information","female",19,"German"
"63","G33_T_03_I",635,9.31385563183905e-05,0,NA,NA,"",NA,NA,NA,33,"German","target",3,"information","female",19,"German"
"64","G33_T_03_I",645,9.33645873711351e-05,0,NA,NA,"",NA,NA,NA,33,"German","target",3,"information","female",19,"German"
"65","G33_T_03_I",655,9.35455678897976e-05,0,NA,NA,"",NA,NA,NA,33,"German","target",3,"information","female",19,"German"
"66","G33_T_03_I",665,9.3615902224452e-05,0,NA,NA,"",NA,NA,NA,33,"German","target",3,"information","female",19,"German"
"67","G33_T_03_I",675,9.35339661746625e-05,0,NA,NA,"",NA,NA,NA,33,"German","target",3,"information","female",19,"German"
"68","G33_T_03_I",685,9.3294481984276e-05,0,NA,NA,"",NA,NA,NA,33,"German","target",3,"information","female",19,"German"
"69","G33_T_03_I",695,9.29216432881526e-05,0,NA,NA,"",NA,NA,NA,33,"German","target",3,"information","female",19,"German"
"70","G33_T_03_I",705,9.24557357506109e-05,0,NA,NA,"",NA,NA,NA,33,"German","target",3,"information","female",19,"German"
"71","G33_T_03_I",715,9.19458647057314e-05,0,NA,NA,"",NA,NA,NA,33,"German","target",3,"information","female",19,"German"
"72","G33_T_03_I",725,9.1445722208425e-05,0,NA,NA,"",NA,NA,NA,33,"German","target",3,"information","female",19,"German"
"73","G33_T_03_I",735,9.10298715115518e-05,0,NA,NA,"",NA,NA,NA,33,"German","target",3,"information","female",19,"German"
"74","G33_T_03_I",745,9.07758704893198e-05,0,NA,NA,"",NA,NA,NA,33,"German","target",3,"information","female",19,"German"
"75","G33_T_03_I",755,9.07250521075721e-05,0,NA,NA,"",NA,NA,NA,33,"German","target",3,"information","female",19,"German"
"76","G33_T_03_I",765,9.08724885429192e-05,0,NA,NA,"",NA,NA,NA,33,"German","target",3,"information","female",19,"German"
"77","G33_T_03_I",775,9.11784773646756e-05,0,NA,NA,"",NA,NA,NA,33,"German","target",3,"information","female",19,"German"
"78","G33_T_03_I",785,9.16024704837264e-05,0,NA,NA,"",NA,NA,NA,33,"German","target",3,"information","female",19,"German"
"79","G33_T_03_I",795,9.21091715722092e-05,0,NA,NA,"",NA,NA,NA,33,"German","target",3,"information","female",19,"German"
"80","G33_T_03_I",805,9.26445006402896e-05,0,NA,NA,"",NA,NA,NA,33,"German","target",3,"information","female",19,"German"
"81","G33_T_03_I",815,9.31381869695815e-05,0,NA,NA,"",NA,NA,NA,33,"German","target",3,"information","female",19,"German"
"82","G33_T_03_I",825,9.35374477704767e-05,0,NA,NA,"",NA,NA,NA,33,"German","target",3,"information","female",19,"German"
"83","G33_T_03_I",835,9.38263838573749e-05,0,NA,NA,"",NA,NA,NA,33,"German","target",3,"information","female",19,"German"
"84","G33_T_03_I",845,9.39980354581693e-05,0,NA,NA,"",NA,NA,NA,33,"German","target",3,"information","female",19,"German"
"85","G33_T_03_I",855,9.40482135928211e-05,0,NA,NA,"",NA,NA,NA,33,"German","target",3,"information","female",19,"German"
"86","G33_T_03_I",865,9.39889096412661e-05,0,NA,NA,"",NA,NA,NA,33,"German","target",3,"information","female",19,"German"
"87","G33_T_03_I",875,9.38437463842125e-05,0,NA,NA,"",NA,NA,NA,33,"German","target",3,"information","female",19,"German"
"88","G33_T_03_I",885,9.36349020276196e-05,0,NA,NA,"",NA,NA,NA,33,"German","target",3,"information","female",19,"German"
"89","G33_T_03_I",895,9.33925616072165e-05,0,NA,NA,"",NA,NA,NA,33,"German","target",3,"information","female",19,"German"
"90","G33_T_03_I",905,9.31653299522848e-05,0,NA,NA,"",NA,NA,NA,33,"German","target",3,"information","female",19,"German"
"91","G33_T_03_I",915,9.29813849700426e-05,0,NA,NA,"",NA,NA,NA,33,"German","target",3,"information","female",19,"German"
"92","G33_T_03_I",925,9.28268129275162e-05,0,NA,NA,"",NA,NA,NA,33,"German","target",3,"information","female",19,"German"
"93","G33_T_03_I",935,9.26697762330368e-05,0,NA,NA,"",NA,NA,NA,33,"German","target",3,"information","female",19,"German"
"94","G33_T_03_I",945,9.24761512258368e-05,0,NA,NA,"",NA,NA,NA,33,"German","target",3,"information","female",19,"German"
"95","G33_T_03_I",955,9.22367752210492e-05,0,NA,NA,"",NA,NA,NA,33,"German","target",3,"information","female",19,"German"
"96","G33_T_03_I",965,9.19897459373824e-05,0,NA,NA,"",NA,NA,NA,33,"German","target",3,"information","female",19,"German"
"97","G33_T_03_I",975,9.17965716639667e-05,0,NA,NA,"",NA,NA,NA,33,"German","target",3,"information","female",19,"German"
"98","G33_T_03_I",985,9.16950283941989e-05,0,NA,NA,"",NA,NA,NA,33,"German","target",3,"information","female",19,"German"
"99","G33_T_03_I",995,9.16934232084429e-05,0,NA,NA,"",NA,NA,NA,33,"German","target",3,"information","female",19,"German"
"100","G33_T_03_I",1005,9.17929500546188e-05,0,NA,NA,"",NA,NA,NA,33,"German","target",3,"information","female",19,"German"
"101","G33_T_03_I",1015,9.19927597904127e-05,0,NA,NA,"",NA,NA,NA,33,"German","target",3,"information","female",19,"German"
"102","G33_T_03_I",1025,9.22892590770386e-05,0,NA,NA,"",NA,NA,NA,33,"German","target",3,"information","female",19,"German"
"103","G33_T_03_I",1035,9.26685634126796e-05,0,NA,NA,"",NA,NA,NA,33,"German","target",3,"information","female",19,"German"
"104","G33_T_03_I",1045,9.31381379398771e-05,0,NA,NA,"",NA,NA,NA,33,"German","target",3,"information","female",19,"German"
"105","G33_T_03_I",1055,9.37977353663036e-05,0,NA,NA,"",NA,NA,NA,33,"German","target",3,"information","female",19,"German"
"106","G33_T_03_I",1065,9.51695267691068e-05,0,NA,NA,"",NA,NA,NA,33,"German","target",3,"information","female",19,"German"
"107","G33_T_03_I",1075,9.87002699736428e-05,0,NA,NA,"",NA,NA,NA,33,"German","target",3,"information","female",19,"German"
"108","G33_T_03_I",1085,0.000112250815004147,0,NA,NA,"",NA,NA,NA,33,"German","target",3,"information","female",19,"German"
"109","G33_T_03_I",1095,0.000154417058508316,0,NA,NA,"",NA,NA,NA,33,"German","target",3,"information","female",19,"German"
"110","G33_T_03_I",1105,0.000247329125999105,0,NA,NA,"",NA,NA,NA,33,"German","target",3,"information","female",19,"German"
"111","G33_T_03_I",1115,0.00044998158857701,0,NA,NA,"",NA,NA,NA,33,"German","target",3,"information","female",19,"German"
"112","G33_T_03_I",1125,0.000879772006574936,0,NA,NA,"",NA,NA,NA,33,"German","target",3,"information","female",19,"German"
"113","G33_T_03_I",1135,0.00168992815374198,0,NA,NA,"",NA,NA,NA,33,"German","target",3,"information","female",19,"German"
"114","G33_T_03_I",1145,0.00305824227663517,0,NA,NA,"",NA,NA,NA,33,"German","target",3,"information","female",19,"German"
"115","G33_T_03_I",1155,0.00513998176789521,0,NA,NA,"",NA,NA,NA,33,"German","target",3,"information","female",19,"German"
"116","G33_T_03_I",1165,0.00799897159335806,0,NA,NA,"",NA,NA,NA,33,"German","target",3,"information","female",19,"German"
"117","G33_T_03_I",1175,0.0115777893068951,0,NA,NA,"",NA,NA,NA,33,"German","target",3,"information","female",19,"German"
"118","G33_T_03_I",1185,0.0157367541723637,0,NA,NA,"",NA,NA,NA,33,"German","target",3,"information","female",19,"German"
"119","G33_T_03_I",1195,0.0202749907042013,0,NA,NA,"",NA,NA,NA,33,"German","target",3,"information","female",19,"German"
"120","G33_T_03_I",1205,0.0249318568950054,0,NA,NA,"",NA,NA,NA,33,"German","target",3,"information","female",19,"German"
"121","G33_T_03_I",1215,0.0294277687564878,202.339416503906,NA,NA,"",NA,NA,NA,33,"German","target",3,"information","female",19,"German"
"122","G33_T_03_I",1225,0.0335106810771963,201.382659912109,NA,NA,"",NA,NA,NA,33,"German","target",3,"information","female",19,"German"
"123","G33_T_03_I",1235,0.0369920055669853,193.764694213867,NA,NA,"",NA,NA,NA,33,"German","target",3,"information","female",19,"German"
"124","G33_T_03_I",1245,0.0397525815849064,188.055053710938,NA,NA,"",NA,NA,NA,33,"German","target",3,"information","female",19,"German"
"125","G33_T_03_I",1255,0.0417368140541304,182.289657592773,NA,NA,"",NA,NA,NA,33,"German","target",3,"information","female",19,"German"
"126","G33_T_03_I",1265,0.0429575871867619,171.642166137695,NA,NA,"",NA,NA,NA,33,"German","target",3,"information","female",19,"German"
"127","G33_T_03_I",1275,0.0435116948548566,0,NA,NA,"",NA,NA,NA,33,"German","target",3,"information","female",19,"German"
"128","G33_T_03_I",1285,0.0435555288809274,0,NA,NA,"",NA,NA,NA,33,"German","target",3,"information","female",19,"German"
"129","G33_T_03_I",1295,0.0432552667155608,0,NA,NA,"",NA,NA,NA,33,"German","target",3,"information","female",19,"German"
"130","G33_T_03_I",1305,0.0427787415625235,0,NA,NA,"",NA,NA,NA,33,"German","target",3,"information","female",19,"German"
"131","G33_T_03_I",1315,0.0422585255129839,0,NA,NA,"",NA,NA,NA,33,"German","target",3,"information","female",19,"German"
"132","G33_T_03_I",1325,0.041753878232977,182.428955078125,NA,NA,"",NA,NA,NA,33,"German","target",3,"information","female",19,"German"
"133","G33_T_03_I",1335,0.0412479045430021,178.497375488281,NA,NA,"",NA,NA,NA,33,"German","target",3,"information","female",19,"German"
"134","G33_T_03_I",1345,0.0406316900202392,180.365310668945,NA,NA,"",NA,NA,NA,33,"German","target",3,"information","female",19,"German"
"135","G33_T_03_I",1355,0.039754087265417,178.322250366211,NA,NA,"",NA,NA,NA,33,"German","target",3,"information","female",19,"German"
"136","G33_T_03_I",1365,0.0385013782052095,186.4736328125,NA,NA,"",NA,NA,NA,33,"German","target",3,"information","female",19,"German"
"137","G33_T_03_I",1375,0.0368262476939759,186.008392333984,NA,NA,"",NA,NA,NA,33,"German","target",3,"information","female",19,"German"
"138","G33_T_03_I",1385,0.0347234160236475,179.614501953125,NA,NA,"",NA,NA,NA,33,"German","target",3,"information","female",19,"German"
"139","G33_T_03_I",1395,0.0322305457600824,183.022445678711,NA,NA,"",NA,NA,NA,33,"German","target",3,"information","female",19,"German"
"140","G33_T_03_I",1405,0.0294532504939163,183.117202758789,NA,NA,"",NA,NA,NA,33,"German","target",3,"information","female",19,"German"
"141","G33_T_03_I",1415,0.0265520212216371,185.833465576172,NA,NA,"",NA,NA,NA,33,"German","target",3,"information","female",19,"German"
"142","G33_T_03_I",1425,0.0237243292267346,181.45783996582,NA,NA,"",NA,NA,NA,33,"German","target",3,"information","female",19,"German"
"143","G33_T_03_I",1435,0.0212062470668417,180.001312255859,NA,NA,"",NA,NA,NA,33,"German","target",3,"information","female",19,"German"
"144","G33_T_03_I",1445,0.019266874953063,0,NA,NA,"",NA,NA,NA,33,"German","target",3,"information","female",19,"German"
"145","G33_T_03_I",1455,0.0181791425490041,0,NA,NA,"",NA,NA,NA,33,"German","target",3,"information","female",19,"German"
"146","G33_T_03_I",1465,0.018172966876143,0,NA,NA,"",NA,NA,NA,33,"German","target",3,"information","female",19,"German"
"147","G33_T_03_I",1475,0.0193708887520896,0,NA,NA,"",NA,NA,NA,33,"German","target",3,"information","female",19,"German"
"148","G33_T_03_I",1485,0.0217713880749746,0,NA,NA,"",NA,NA,NA,33,"German","target",3,"information","female",19,"German"
"149","G33_T_03_I",1495,0.0253011123118248,0,NA,NA,"",NA,NA,NA,33,"German","target",3,"information","female",19,"German"
"150","G33_T_03_I",1505,0.0298186236518509,0,NA,NA,"",NA,NA,NA,33,"German","target",3,"information","female",19,"German"
"151","G33_T_03_I",1515,0.035085549998004,0,NA,NA,"",NA,NA,NA,33,"German","target",3,"information","female",19,"German"
"152","G33_T_03_I",1525,0.0407532086555885,179.244491577148,NA,NA,"",NA,NA,NA,33,"German","target",3,"information","female",19,"German"
"153","G33_T_03_I",1535,0.0463567947085536,175.363815307617,NA,NA,"",NA,NA,NA,33,"German","target",3,"information","female",19,"German"
"154","G33_T_03_I",1545,0.0513963956569865,174.264907836914,NA,NA,"",NA,NA,NA,33,"German","target",3,"information","female",19,"German"
"155","G33_T_03_I",1555,0.0554280617570838,171.131896972656,NA,NA,"",NA,NA,NA,33,"German","target",3,"information","female",19,"German"
"156","G33_T_03_I",1565,0.0581138179461026,172.755950927734,NA,NA,"",NA,NA,NA,33,"German","target",3,"information","female",19,"German"
"157","G33_T_03_I",1575,0.0592443569355665,177.271682739258,NA,NA,"",NA,NA,NA,33,"German","target",3,"information","female",19,"German"
"158","G33_T_03_I",1585,0.0587572206778776,182.690307617188,NA,NA,"",NA,NA,NA,33,"German","target",3,"information","female",19,"German"
"159","G33_T_03_I",1595,0.0567695423253699,191.776260375977,NA,NA,"",NA,NA,NA,33,"German","target",3,"information","female",19,"German"
"160","G33_T_03_I",1605,0.0536060598740817,0,NA,NA,"",NA,NA,NA,33,"German","target",3,"information","female",19,"German"
"161","G33_T_03_I",1615,0.0498083851037929,0,NA,NA,"",NA,NA,NA,33,"German","target",3,"information","female",19,"German"
"162","G33_T_03_I",1625,0.0460084682854192,0,NA,NA,"",NA,NA,NA,33,"German","target",3,"information","female",19,"German"
"163","G33_T_03_I",1635,0.0427254265846321,0,NA,NA,"",NA,NA,NA,33,"German","target",3,"information","female",19,"German"
"164","G33_T_03_I",1645,0.0402814500320953,0,NA,NA,"",NA,NA,NA,33,"German","target",3,"information","female",19,"German"
"165","G33_T_03_I",1655,0.0388100721690181,0,NA,NA,"",NA,NA,NA,33,"German","target",3,"information","female",19,"German"
"166","G33_T_03_I",1665,0.0382729840619723,0,NA,NA,"",NA,NA,NA,33,"German","target",3,"information","female",19,"German"
"167","G33_T_03_I",1675,0.0384924546574529,0,NA,NA,"",NA,NA,NA,33,"German","target",3,"information","female",19,"German"
"168","G33_T_03_I",1685,0.0392134329515903,0,NA,NA,"",NA,NA,NA,33,"German","target",3,"information","female",19,"German"
"169","G33_T_03_I",1695,0.0401209944919897,0,NA,NA,"",NA,NA,NA,33,"German","target",3,"information","female",19,"German"
"170","G33_T_03_I",1705,0.0408574806918298,0,NA,NA,"",NA,NA,NA,33,"German","target",3,"information","female",19,"German"
"171","G33_T_03_I",1715,0.041089149946113,0,NA,NA,"",NA,NA,NA,33,"German","target",3,"information","female",19,"German"
"172","G33_T_03_I",1725,0.0405710505948403,0,NA,NA,"",NA,NA,NA,33,"German","target",3,"information","female",19,"German"
"173","G33_T_03_I",1735,0.0392048920719448,0,NA,NA,"",NA,NA,NA,33,"German","target",3,"information","female",19,"German"
"174","G33_T_03_I",1745,0.0370526218592995,196.399490356445,NA,NA,"",NA,NA,NA,33,"German","target",3,"information","female",19,"German"
"175","G33_T_03_I",1755,0.0343266992820441,207.34928894043,NA,NA,"",NA,NA,NA,33,"German","target",3,"information","female",19,"German"
"176","G33_T_03_I",1765,0.0313429513343532,213.436752319336,NA,NA,"",NA,NA,NA,33,"German","target",3,"information","female",19,"German"
"177","G33_T_03_I",1775,0.0284626534531719,201.98388671875,NA,NA,"",NA,NA,NA,33,"German","target",3,"information","female",19,"German"
"178","G33_T_03_I",1785,0.0260633713327321,206.742706298828,NA,NA,"",NA,NA,NA,33,"German","target",3,"information","female",19,"German"
"179","G33_T_03_I",1795,0.0244922347191295,208.705749511719,NA,NA,"",NA,NA,NA,33,"German","target",3,"information","female",19,"German"
"180","G33_T_03_I",1805,0.0240136218259001,0,NA,NA,"",NA,NA,NA,33,"German","target",3,"information","female",19,"German"
"181","G33_T_03_I",1815,0.0246986304067215,0,NA,NA,"",NA,NA,NA,33,"German","target",3,"information","female",19,"German"
"182","G33_T_03_I",1825,0.0264089551375117,0,NA,NA,"",NA,NA,NA,33,"German","target",3,"information","female",19,"German"
"183","G33_T_03_I",1835,0.0289424329171294,0,NA,NA,"",NA,NA,NA,33,"German","target",3,"information","female",19,"German"
"184","G33_T_03_I",1845,0.0320707828516934,0,NA,NA,"",NA,NA,NA,33,"German","target",3,"information","female",19,"German"
"185","G33_T_03_I",1855,0.0355013014589309,0,NA,NA,"",NA,NA,NA,33,"German","target",3,"information","female",19,"German"
"186","G33_T_03_I",1865,0.0389332903566049,0,NA,NA,"",NA,NA,NA,33,"German","target",3,"information","female",19,"German"
"187","G33_T_03_I",1875,0.0421436668497687,0,NA,NA,"",NA,NA,NA,33,"German","target",3,"information","female",19,"German"
"188","G33_T_03_I",1885,0.0449751636398536,0,NA,NA,"",NA,"1","pre",33,"German","target",3,"information","female",19,"German"
"189","G33_T_03_I",1895,0.0473132988495036,0,NA,NA,"",NA,"1","pre",33,"German","target",3,"information","female",19,"German"
"190","G33_T_03_I",1905,0.0491138041561679,186.285690307617,NA,NA,"",NA,"1","pre",33,"German","target",3,"information","female",19,"German"
"191","G33_T_03_I",1915,0.0504055056332233,186.797805786133,NA,NA,"",NA,"1","pre",33,"German","target",3,"information","female",19,"German"
"192","G33_T_03_I",1925,0.0512873147936413,192.072662353516,NA,NA,"",NA,"1","pre",33,"German","target",3,"information","female",19,"German"
"193","G33_T_03_I",1935,0.0519151631361837,202.400894165039,NA,NA,"",NA,"1","pre",33,"German","target",3,"information","female",19,"German"
"194","G33_T_03_I",1945,0.0524478261980017,189.976898193359,NA,NA,"",NA,"1","pre",33,"German","target",3,"information","female",19,"German"
"195","G33_T_03_I",1955,0.0529803359373948,191.079147338867,NA,NA,"",NA,"1","pre",33,"German","target",3,"information","female",19,"German"
"196","G33_T_03_I",1965,0.0535373780756122,189.330444335938,NA,NA,"",NA,"1","pre",33,"German","target",3,"information","female",19,"German"
"197","G33_T_03_I",1975,0.0541116426802597,188.167831420898,NA,NA,"",NA,"1","pre",33,"German","target",3,"information","female",19,"German"
"198","G33_T_03_I",1985,0.054650040810218,192.377090454102,NA,NA,"",NA,"1","pre",33,"German","target",3,"information","female",19,"German"
"199","G33_T_03_I",1995,0.0550404789142681,194.791946411133,NA,NA,"",NA,"1","pre",33,"German","target",3,"information","female",19,"German"
"200","G33_T_03_I",2005,0.0551058642550816,190.639892578125,NA,NA,"",NA,"1","pre",33,"German","target",3,"information","female",19,"German"
"201","G33_T_03_I",2015,0.0546623878686597,191.43473815918,NA,NA,"",NA,"1","pre",33,"German","target",3,"information","female",19,"German"
"202","G33_T_03_I",2025,0.0536270866583479,197.158584594727,NA,NA,"",NA,"1","pre",33,"German","target",3,"information","female",19,"German"
"203","G33_T_03_I",2035,0.0520130116088965,186.861312866211,"NP","Adj","","2","2","li",33,"German","target",3,"information","female",19,"German"
"204","G33_T_03_I",2045,0.0498989342152838,194.422546386719,"NP","Adj","","2","2","li",33,"German","target",3,"information","female",19,"German"
"205","G33_T_03_I",2055,0.0474244652910441,0,"NP","Adj","","2","2","li",33,"German","target",3,"information","female",19,"German"
"206","G33_T_03_I",2065,0.0447756403571613,0,"NP","Adj","","2","2","li",33,"German","target",3,"information","female",19,"German"
"207","G33_T_03_I",2075,0.0421783439048245,0,"NP","Adj","","2","2","li",33,"German","target",3,"information","female",19,"German"
"208","G33_T_03_I",2085,0.0398739549101646,0,"NP","Adj","","2","2","li",33,"German","target",3,"information","female",19,"German"
"209","G33_T_03_I",2095,0.0380508011928872,0,"NP","Adj","","2","2","li",33,"German","target",3,"information","female",19,"German"
"210","G33_T_03_I",2105,0.0367848437620791,200.311614990234,"NP","Adj","","2","2","li",33,"German","target",3,"information","female",19,"German"
"211","G33_T_03_I",2115,0.0360619484112732,205.937744140625,"NP","Adj","","2","2","li",33,"German","target",3,"information","female",19,"German"
"212","G33_T_03_I",2125,0.0358638178324724,200.479476928711,"NP","Adj","","2","2","li",33,"German","target",3,"information","female",19,"German"
"213","G33_T_03_I",2135,0.0361678944794093,214.262710571289,"NP","Adj","","2","2","li",33,"German","target",3,"information","female",19,"German"
"214","G33_T_03_I",2145,0.0368718547862733,0,"NP","Adj","","2","2","li",33,"German","target",3,"information","female",19,"German"
"215","G33_T_03_I",2155,0.0378004973111654,212.098678588867,"NP","Adj","","2","2","li",33,"German","target",3,"information","female",19,"German"
"216","G33_T_03_I",2165,0.0387667186384016,218.623840332031,"NP","Adj","","2","2","li",33,"German","target",3,"information","female",19,"German"
"217","G33_T_03_I",2175,0.0396737440627901,222.251617431641,"NP","Adj","","2","2","li",33,"German","target",3,"information","female",19,"German"
"218","G33_T_03_I",2185,0.0405766639261933,230.508331298828,"NP","Adj","","2","2","li",33,"German","target",3,"information","female",19,"German"
"219","G33_T_03_I",2195,0.0416243592350489,228.537155151367,"NP","Adj","","2","2","li",33,"German","target",3,"information","female",19,"German"
"220","G33_T_03_I",2205,0.0430237925900672,227.935333251953,"NP","Adj","","2","2","li",33,"German","target",3,"information","female",19,"German"
"221","G33_T_03_I",2215,0.0449522759167816,231.978012084961,"NP","Adj","","2","2","li",33,"German","target",3,"information","female",19,"German"
"222","G33_T_03_I",2225,0.0474918555307861,230.975494384766,"NP","Adj","","2","3","post_pre",33,"German","target",3,"information","female",19,"German"
"223","G33_T_03_I",2235,0.0506614835483273,231.436477661133,"NP","Adj","","2","3","post_pre",33,"German","target",3,"information","female",19,"German"
"224","G33_T_03_I",2245,0.0544083011110574,230.311325073242,"NP","Adj","","2","3","post_pre",33,"German","target",3,"information","female",19,"German"
"225","G33_T_03_I",2255,0.058624204892773,228.604873657227,"NP","Adj","","2","3","post_pre",33,"German","target",3,"information","female",19,"German"
"226","G33_T_03_I",2265,0.0631829937071365,224.502746582031,"NP","Adj","","2","3","post_pre",33,"German","target",3,"information","female",19,"German"
"227","G33_T_03_I",2275,0.0679070039978706,224.780410766602,"NP","Adj","","2","3","post_pre",33,"German","target",3,"information","female",19,"German"
"228","G33_T_03_I",2285,0.0725332916899766,228.889846801758,"NP","Adj","","2","3","post_pre",33,"German","target",3,"information","female",19,"German"
"229","G33_T_03_I",2295,0.0767771205031778,230.269332885742,"NP","Adj","","2","3","post_pre",33,"German","target",3,"information","female",19,"German"
"230","G33_T_03_I",2305,0.080419509321049,222.057312011719,"NP","Adj","","2","3","post_pre",33,"German","target",3,"information","female",19,"German"
"231","G33_T_03_I",2315,0.0833051043935615,219.911895751953,"NP","Adj","","2","3","post_pre",33,"German","target",3,"information","female",19,"German"
"232","G33_T_03_I",2325,0.0852560615929986,218.575592041016,"NP","Adj","","2","3","post_pre",33,"German","target",3,"information","female",19,"German"
"233","G33_T_03_I",2335,0.0861049808503836,215.133834838867,"NP","Adj","","2","3","post_pre",33,"German","target",3,"information","female",19,"German"
"234","G33_T_03_I",2345,0.085774860322887,213.97834777832,"NP","Adj","","2","3","post_pre",33,"German","target",3,"information","female",19,"German"
"235","G33_T_03_I",2355,0.0842977123514617,213.268188476562,"NP","Adj","","2","3","post_pre",33,"German","target",3,"information","female",19,"German"
"236","G33_T_03_I",2365,0.0818536531550258,212.359436035156,"NP","Adj","","2","3","post_pre",33,"German","target",3,"information","female",19,"German"
"237","G33_T_03_I",2375,0.078682459154688,211.630493164062,"NP","Adj","","2","3","post_pre",33,"German","target",3,"information","female",19,"German"
"238","G33_T_03_I",2385,0.0749527560529574,207.713836669922,"NP","Adj","","2","3","post_pre",33,"German","target",3,"information","female",19,"German"
"239","G33_T_03_I",2395,0.0707630747633828,208.542266845703,"NP","Adj","","2","3","post_pre",33,"German","target",3,"information","female",19,"German"
"240","G33_T_03_I",2405,0.0661626579821376,208.913208007812,"NP","Adj","","2","3","post_pre",33,"German","target",3,"information","female",19,"German"
"241","G33_T_03_I",2415,0.0612302873867881,210.648345947266,"NP","Adj","","2","3","post_pre",33,"German","target",3,"information","female",19,"German"
"242","G33_T_03_I",2425,0.0560917452924181,0,"NP","Adj","","2","3","post_pre",33,"German","target",3,"information","female",19,"German"
"243","G33_T_03_I",2435,0.0508631307299806,0,"NP","Adj","","2","3","post_pre",33,"German","target",3,"information","female",19,"German"
"244","G33_T_03_I",2445,0.0456901718891422,0,"NP","Adj","","2","3","post_pre",33,"German","target",3,"information","female",19,"German"
"245","G33_T_03_I",2455,0.0407520530362658,210.027267456055,"NP","Adj","","2","3","post_pre",33,"German","target",3,"information","female",19,"German"
"246","G33_T_03_I",2465,0.0361747109733286,208.716232299805,"NP","Adj","","2","3","post_pre",33,"German","target",3,"information","female",19,"German"
"247","G33_T_03_I",2475,0.0319915471543768,208.941696166992,"NP","Adj","","2","3","post_pre",33,"German","target",3,"information","female",19,"German"
"248","G33_T_03_I",2485,0.0281988974132926,208.854370117188,"NP","Adj","","2","3","post_pre",33,"German","target",3,"information","female",19,"German"
"249","G33_T_03_I",2495,0.0247928420962642,208.290100097656,"NP","Adj","","2","3","post_pre",33,"German","target",3,"information","female",19,"German"
"250","G33_T_03_I",2505,0.0217549726397074,211.151428222656,"NP","Adj","","2","3","post_pre",33,"German","target",3,"information","female",19,"German"
"251","G33_T_03_I",2515,0.0190535190781058,207.792205810547,"NP","Adj","","2","3","post_pre",33,"German","target",3,"information","female",19,"German"
"252","G33_T_03_I",2525,0.0166744986654086,207.535247802734,"NP","Adj","","2","3","post_pre",33,"German","target",3,"information","female",19,"German"
"253","G33_T_03_I",2535,0.0146111945661136,206.818801879883,"NP","N","","2","4","pfʏl",33,"German","target",3,"information","female",19,"German"
"254","G33_T_03_I",2545,0.0128732080716553,208.847915649414,"NP","N","","2","4","pfʏl",33,"German","target",3,"information","female",19,"German"
"255","G33_T_03_I",2555,0.0114857559936856,211.541152954102,"NP","N","","2","4","pfʏl",33,"German","target",3,"information","female",19,"German"
"256","G33_T_03_I",2565,0.0104364932183268,210.516647338867,"NP","N","","2","4","pfʏl",33,"German","target",3,"information","female",19,"German"
"257","G33_T_03_I",2575,0.009730636076737,0,"NP","N","","2","4","pfʏl",33,"German","target",3,"information","female",19,"German"
"258","G33_T_03_I",2585,0.00946725664096956,0,"NP","N","","2","4","pfʏl",33,"German","target",3,"information","female",19,"German"
"259","G33_T_03_I",2595,0.0097923662606655,0,"NP","N","","2","4","pfʏl",33,"German","target",3,"information","female",19,"German"
"260","G33_T_03_I",2605,0.0108087015456546,0,"NP","N","","2","4","pfʏl",33,"German","target",3,"information","female",19,"German"
"261","G33_T_03_I",2615,0.0125307181890339,0,"NP","N","","2","4","pfʏl",33,"German","target",3,"information","female",19,"German"
"262","G33_T_03_I",2625,0.0148852068665049,0,"NP","N","","2","4","pfʏl",33,"German","target",3,"information","female",19,"German"
"263","G33_T_03_I",2635,0.0177228641093592,0,"NP","N","","2","4","pfʏl",33,"German","target",3,"information","female",19,"German"
"264","G33_T_03_I",2645,0.0208507162197738,0,"NP","N","","2","4","pfʏl",33,"German","target",3,"information","female",19,"German"
"265","G33_T_03_I",2655,0.0240589562997129,0,"NP","N","","2","4","pfʏl",33,"German","target",3,"information","female",19,"German"
"266","G33_T_03_I",2665,0.027122573595256,0,"NP","N","","2","4","pfʏl",33,"German","target",3,"information","female",19,"German"
"267","G33_T_03_I",2675,0.0298226621860924,0,"NP","N","","2","4","pfʏl",33,"German","target",3,"information","female",19,"German"
"268","G33_T_03_I",2685,0.0319862798305124,0,"NP","N","","2","4","pfʏl",33,"German","target",3,"information","female",19,"German"
"269","G33_T_03_I",2695,0.0335382683789276,212.111801147461,"NP","N","","2","4","pfʏl",33,"German","target",3,"information","female",19,"German"
"270","G33_T_03_I",2705,0.0345278142547548,210.909957885742,"NP","N","","2","4","pfʏl",33,"German","target",3,"information","female",19,"German"
"271","G33_T_03_I",2715,0.0350965949437619,209.198013305664,"NP","N","","2","4","pfʏl",33,"German","target",3,"information","female",19,"German"
"272","G33_T_03_I",2725,0.0353975189110412,203.455200195312,"NP","N","","2","4","pfʏl",33,"German","target",3,"information","female",19,"German"
"273","G33_T_03_I",2735,0.0355637867466423,210.512359619141,"NP","N","","2","4","pfʏl",33,"German","target",3,"information","female",19,"German"
"274","G33_T_03_I",2745,0.0357711868613458,205.200607299805,"NP","N","","2","4","pfʏl",33,"German","target",3,"information","female",19,"German"
"275","G33_T_03_I",2755,0.0362410558376512,204.767242431641,"NP","N","","2","4","pfʏl",33,"German","target",3,"information","female",19,"German"
"276","G33_T_03_I",2765,0.0371388571222187,199.095260620117,"NP","N","","2","4","pfʏl",33,"German","target",3,"information","female",19,"German"
"277","G33_T_03_I",2775,0.0384734858323854,193.198104858398,"NP","N","","2","4","pfʏl",33,"German","target",3,"information","female",19,"German"
"278","G33_T_03_I",2785,0.0401124521786373,191.866195678711,"NP","N","","2","4","pfʏl",33,"German","target",3,"information","female",19,"German"
"279","G33_T_03_I",2795,0.0418598583165223,192.977752685547,"NP","N","","2","5","post",33,"German","target",3,"information","female",19,"German"
"280","G33_T_03_I",2805,0.0435014304979379,0,"NP","N","","2","5","post",33,"German","target",3,"information","female",19,"German"
"281","G33_T_03_I",2815,0.0448482428276391,0,"NP","N","","2","5","post",33,"German","target",3,"information","female",19,"German"
"282","G33_T_03_I",2825,0.0457700775351735,0,"NP","N","","2","5","post",33,"German","target",3,"information","female",19,"German"
"283","G33_T_03_I",2835,0.04619854999282,0,"NP","N","","2","5","post",33,"German","target",3,"information","female",19,"German"
"284","G33_T_03_I",2845,0.0461115295838487,173.32421875,"NP","N","","2","5","post",33,"German","target",3,"information","female",19,"German"
"285","G33_T_03_I",2855,0.0455239028300086,169.980453491211,"NP","N","","2","5","post",33,"German","target",3,"information","female",19,"German"
"286","G33_T_03_I",2865,0.0445226825435966,169.113327026367,"NP","N","","2","5","post",33,"German","target",3,"information","female",19,"German"
"287","G33_T_03_I",2875,0.0432795692088876,170.034393310547,"NP","N","","2","5","post",33,"German","target",3,"information","female",19,"German"
"288","G33_T_03_I",2885,0.0420072602453477,169.501495361328,"NP","N","","2","5","post",33,"German","target",3,"information","female",19,"German"
"289","G33_T_03_I",2895,0.0408603366667531,167.466201782227,"NP","N","","2","5","post",33,"German","target",3,"information","female",19,"German"
"290","G33_T_03_I",2905,0.0398730238970453,169.362869262695,"NP","N","","2","5","post",33,"German","target",3,"information","female",19,"German"
"291","G33_T_03_I",2915,0.039010486763633,168.81867980957,"NP","N","","2","5","post",33,"German","target",3,"information","female",19,"German"
"292","G33_T_03_I",2925,0.0382256211777518,170.015884399414,"NP","N","","2","5","post",33,"German","target",3,"information","female",19,"German"
"293","G33_T_03_I",2935,0.0374695186097566,172.199890136719,"NP","N","","2","5","post",33,"German","target",3,"information","female",19,"German"
"294","G33_T_03_I",2945,0.0366507449374516,174.984146118164,"NP","N","","2","5","post",33,"German","target",3,"information","female",19,"German"
"295","G33_T_03_I",2955,0.0356295339185668,0,"NP","N","","2","5","post",33,"German","target",3,"information","female",19,"German"
"296","G33_T_03_I",2965,0.0342897041720027,0,"NP","N","","2","5","post",33,"German","target",3,"information","female",19,"German"
"297","G33_T_03_I",2975,0.0325782206215733,0,"NP","N","","2","5","post",33,"German","target",3,"information","female",19,"German"
"298","G33_T_03_I",2985,0.0304829370030841,0,"NP","N","","2","5","post",33,"German","target",3,"information","female",19,"German"
"299","G33_T_03_I",2995,0.0280364567323682,0,"NP","N","","2","5","post",33,"German","target",3,"information","female",19,"German"
"300","G33_T_03_I",3005,0.0253306587173725,0,"NP","N","","2","5","post",33,"German","target",3,"information","female",19,"German"
"301","G33_T_03_I",3015,0.0224871222182295,0,"NP","N","","2","5","post",33,"German","target",3,"information","female",19,"German"
"302","G33_T_03_I",3025,0.0196299903587481,0,"NP","N","","2","5","post",33,"German","target",3,"information","female",19,"German"
"303","G33_T_03_I",3035,0.0168767348733299,0,"NP","N","","2","5","post",33,"German","target",3,"information","female",19,"German"
"304","G33_T_03_I",3045,0.0143308209818277,0,"NP","N","","2","5","post",33,"German","target",3,"information","female",19,"German"
"305","G33_T_03_I",3055,0.0120829844179399,0,NA,NA,"",NA,NA,NA,33,"German","target",3,"information","female",19,"German"
"306","G33_T_03_I",3065,0.0101892906764386,0,NA,NA,"",NA,NA,NA,33,"German","target",3,"information","female",19,"German"
"307","G33_T_03_I",3075,0.00864599482487992,0,NA,NA,"",NA,NA,NA,33,"German","target",3,"information","female",19,"German"
"308","G33_T_03_I",3085,0.00739806236785358,0,NA,NA,"",NA,NA,NA,33,"German","target",3,"information","female",19,"German"
"309","G33_T_03_I",3095,0.00638281899973586,0,NA,NA,"",NA,NA,NA,33,"German","target",3,"information","female",19,"German"
"310","G33_T_03_I",3105,0.00555705858043331,0,NA,NA,"",NA,NA,NA,33,"German","target",3,"information","female",19,"German"
"311","G33_T_03_I",3115,0.0048650872130174,0,NA,NA,"",NA,NA,NA,33,"German","target",3,"information","female",19,"German"
"312","G33_T_03_I",3125,0.00424995761571945,0,NA,NA,"",NA,NA,NA,33,"German","target",3,"information","female",19,"German"
"313","G33_T_03_I",3135,0.00368491091107778,0,NA,NA,"",NA,NA,NA,33,"German","target",3,"information","female",19,"German"
"314","G33_T_03_I",3145,0.00316523341640782,0,NA,NA,"",NA,NA,NA,33,"German","target",3,"information","female",19,"German"
"315","G33_T_03_I",3155,0.00269845999444934,0,NA,NA,"",NA,NA,NA,33,"German","target",3,"information","female",19,"German"
"316","G33_T_03_I",3165,0.00229546735225638,0,NA,NA,"",NA,NA,NA,33,"German","target",3,"information","female",19,"German"
"317","G33_T_03_I",3175,0.0019608499900127,0,NA,NA,"",NA,NA,NA,33,"German","target",3,"information","female",19,"German"
"318","G33_T_03_I",3185,0.00168901989065493,0,NA,NA,"",NA,NA,NA,33,"German","target",3,"information","female",19,"German"
"319","G33_T_03_I",3195,0.001463833949324,0,NA,NA,"",NA,NA,NA,33,"German","target",3,"information","female",19,"German"
"320","G33_T_03_I",3205,0.00126814804956037,0,NA,NA,"",NA,NA,NA,33,"German","target",3,"information","female",19,"German"
"321","G33_T_03_I",3215,0.00109238787280444,0,NA,NA,"",NA,NA,NA,33,"German","target",3,"information","female",19,"German"
"322","G33_T_03_I",3225,0.000933124952186575,0,NA,NA,"",NA,NA,NA,33,"German","target",3,"information","female",19,"German"
"323","G33_T_03_I",3235,0.000789970707279772,0,NA,NA,"",NA,NA,NA,33,"German","target",3,"information","female",19,"German"
"324","G33_T_03_I",3245,0.000661839022618907,0,NA,NA,"",NA,NA,NA,33,"German","target",3,"information","female",19,"German"
"325","G33_T_03_I",3255,0.00054761870284259,0,NA,NA,"",NA,NA,NA,33,"German","target",3,"information","female",19,"German"
"326","G33_T_03_I",3265,0.000447112426867756,0,NA,NA,"",NA,NA,NA,33,"German","target",3,"information","female",19,"German"
"327","G33_T_03_I",3275,0.000361478429762178,0,NA,NA,"",NA,NA,NA,33,"German","target",3,"information","female",19,"German"
"328","G33_T_03_I",3285,0.000291297756079724,0,NA,NA,"",NA,NA,NA,33,"German","target",3,"information","female",19,"German"
"329","G33_T_03_I",3295,0.000235533985288475,0,NA,NA,"",NA,NA,NA,33,"German","target",3,"information","female",19,"German"
"330","G33_T_03_I",3305,0.000192416617924881,0,NA,NA,"",NA,NA,NA,33,"German","target",3,"information","female",19,"German"
"331","G33_T_03_I",3315,0.000160113262105086,0,NA,NA,"",NA,NA,NA,33,"German","target",3,"information","female",19,"German"
"332","G33_T_03_I",3325,0.000136771627113807,0,NA,NA,"",NA,NA,NA,33,"German","target",3,"information","female",19,"German"
"333","G33_T_03_I",3335,0.000120846865234573,0,NA,NA,"",NA,NA,NA,33,"German","target",3,"information","female",19,"German"
"334","G33_T_03_I",3345,0.000110692881628943,0,NA,NA,"",NA,NA,NA,33,"German","target",3,"information","female",19,"German"
"335","G33_T_03_I",3355,0.000104389400840822,0,NA,NA,"",NA,NA,NA,33,"German","target",3,"information","female",19,"German"
"336","G33_T_03_I",3365,0.000100446624928691,0,NA,NA,"",NA,NA,NA,33,"German","target",3,"information","female",19,"German"
"337","G33_T_03_I",3375,9.79928765816447e-05,0,NA,NA,"",NA,NA,NA,33,"German","target",3,"information","female",19,"German"
"338","G33_T_03_I",3385,9.656024815192e-05,0,NA,NA,"",NA,NA,NA,33,"German","target",3,"information","female",19,"German"
"339","G33_T_03_I",3395,9.56820394993312e-05,0,NA,NA,"",NA,NA,NA,33,"German","target",3,"information","female",19,"German"
"340","G33_T_03_I",3405,9.50467349454638e-05,0,NA,NA,"",NA,NA,NA,33,"German","target",3,"information","female",19,"German"
"341","G33_T_03_I",3415,9.45820312154289e-05,0,NA,NA,"",NA,NA,NA,33,"German","target",3,"information","female",19,"German"
"342","G33_T_03_I",3425,9.42754213965285e-05,0,NA,NA,"",NA,NA,NA,33,"German","target",3,"information","female",19,"German"
"343","G33_T_03_I",3435,9.4120169758026e-05,0,NA,NA,"",NA,NA,NA,33,"German","target",3,"information","female",19,"German"
"344","G33_T_03_I",3445,9.41288324329156e-05,0,NA,NA,"",NA,NA,NA,33,"German","target",3,"information","female",19,"German"
"345","G33_T_03_I",3455,9.42871426451101e-05,0,NA,NA,"",NA,NA,NA,33,"German","target",3,"information","female",19,"German"
"346","G33_T_03_I",3465,9.45384229451056e-05,0,NA,NA,"",NA,NA,NA,33,"German","target",3,"information","female",19,"German"
"347","G33_T_03_I",3475,9.4850694340474e-05,0,NA,NA,"",NA,NA,NA,33,"German","target",3,"information","female",19,"German"
"348","G33_T_03_I",3485,9.52183209382854e-05,0,NA,NA,"",NA,NA,NA,33,"German","target",3,"information","female",19,"German"
"349","G33_T_03_I",3495,9.56088216766205e-05,0,NA,NA,"",NA,NA,NA,33,"German","target",3,"information","female",19,"German"
"350","G33_T_03_I",3505,9.59615762247084e-05,0,NA,NA,"",NA,NA,NA,33,"German","target",3,"information","female",19,"German"
"351","G33_T_03_I",3515,9.62102029973508e-05,0,NA,NA,"",NA,NA,NA,33,"German","target",3,"information","female",19,"German"
"352","G33_T_03_I",3525,9.63138657980647e-05,0,NA,NA,"",NA,NA,NA,33,"German","target",3,"information","female",19,"German"
"353","G33_T_03_I",3535,9.62743741311431e-05,0,NA,NA,"",NA,NA,NA,33,"German","target",3,"information","female",19,"German"
"354","G33_T_03_I",3545,9.61126366395662e-05,0,NA,NA,"",NA,NA,NA,33,"German","target",3,"information","female",19,"German"
"355","G33_T_03_I",3555,9.58448391224214e-05,0,NA,NA,"",NA,NA,NA,33,"German","target",3,"information","female",19,"German"
"356","G33_T_03_I",3565,9.54898812603429e-05,0,NA,NA,"",NA,NA,NA,33,"German","target",3,"information","female",19,"German"
"357","G33_T_03_I",3575,9.50943050524042e-05,0,NA,NA,"",NA,NA,NA,33,"German","target",3,"information","female",19,"German"
"358","G33_T_03_I",3585,9.47102985454136e-05,0,NA,NA,"",NA,NA,NA,33,"German","target",3,"information","female",19,"German"
"359","G33_T_03_I",3595,9.4371369354123e-05,0,NA,NA,"",NA,NA,NA,33,"German","target",3,"information","female",19,"German"
"360","G33_T_03_I",3605,9.4118455185368e-05,0,NA,NA,"",NA,NA,NA,33,"German","target",3,"information","female",19,"German"
"361","G33_T_03_I",3615,9.40040538859364e-05,0,NA,NA,"",NA,NA,NA,33,"German","target",3,"information","female",19,"German"
"362","G33_T_03_I",3625,9.40515067565476e-05,0,NA,NA,"",NA,NA,NA,33,"German","target",3,"information","female",19,"German"
"363","G33_T_03_I",3635,9.42439839234065e-05,0,NA,NA,"",NA,NA,NA,33,"German","target",3,"information","female",19,"German"
"364","G33_T_03_I",3645,9.45367965750528e-05,0,NA,NA,"",NA,NA,NA,33,"German","target",3,"information","female",19,"German"
"365","G33_T_03_I",3655,9.48779947569796e-05,0,NA,NA,"",NA,NA,NA,33,"German","target",3,"information","female",19,"German"
"366","G33_T_03_I",3665,9.52148811063934e-05,0,NA,NA,"",NA,NA,NA,33,"German","target",3,"information","female",19,"German"
"367","G33_T_03_I",3675,9.54835072119497e-05,0,NA,NA,"",NA,NA,NA,33,"German","target",3,"information","female",19,"German"
"368","G33_T_03_I",3685,9.56243747039346e-05,0,NA,NA,"",NA,NA,NA,33,"German","target",3,"information","female",19,"German"
"369","G33_T_03_I",3695,9.56093051183159e-05,0,NA,NA,"",NA,NA,NA,33,"German","target",3,"information","female",19,"German"
"370","G33_T_03_I",3705,9.54391759599834e-05,0,NA,NA,"",NA,NA,NA,33,"German","target",3,"information","female",19,"German"
"371","G33_T_03_I",3715,9.51614917885627e-05,0,NA,NA,"",NA,NA,NA,33,"German","target",3,"information","female",19,"German"
"372","G33_T_03_I",3725,9.48494148343726e-05,0,NA,NA,"",NA,NA,NA,33,"German","target",3,"information","female",19,"German"
"373","G33_T_03_I",3735,9.45265274802426e-05,0,NA,NA,"",NA,NA,NA,33,"German","target",3,"information","female",19,"German"
"374","G33_T_03_I",3745,9.4216976145715e-05,0,NA,NA,"",NA,NA,NA,33,"German","target",3,"information","female",19,"German"
"375","G33_T_03_I",3755,9.39838858960894e-05,0,NA,NA,"",NA,NA,NA,33,"German","target",3,"information","female",19,"German"
"376","G33_T_03_I",3765,9.38696057963001e-05,0,NA,NA,"",NA,NA,NA,33,"German","target",3,"information","female",19,"German"
"377","G33_T_03_I",3775,9.3881274338356e-05,0,NA,NA,"",NA,NA,NA,33,"German","target",3,"information","female",19,"German"
"378","G33_T_03_I",3785,9.40004011197644e-05,0,NA,NA,"",NA,NA,NA,33,"German","target",3,"information","female",19,"German"
"379","G33_T_03_I",3795,9.41933499324595e-05,0,NA,NA,"",NA,NA,NA,33,"German","target",3,"information","female",19,"German"
"380","G33_T_03_I",3805,9.44168184323657e-05,0,NA,NA,"",NA,NA,NA,33,"German","target",3,"information","female",19,"German"
"381","G33_T_03_I",3815,9.46222722849804e-05,0,NA,NA,"",NA,NA,NA,33,"German","target",3,"information","female",19,"German"
"382","G33_T_03_I",3825,9.47736192808596e-05,0,NA,NA,"",NA,NA,NA,33,"German","target",3,"information","female",19,"German"
"383","G33_T_03_I",3835,9.48447320158181e-05,0,NA,NA,"",NA,NA,NA,33,"German","target",3,"information","female",19,"German"
"384","G33_T_03_I",3845,9.48224565164906e-05,0,NA,NA,"",NA,NA,NA,33,"German","target",3,"information","female",19,"German"
"385","G33_T_03_I",3855,9.47379489344689e-05,0,NA,NA,"",NA,NA,NA,33,"German","target",3,"information","female",19,"German"
"386","G33_T_03_I",3865,9.46384022858012e-05,0,NA,NA,"",NA,NA,NA,33,"German","target",3,"information","female",19,"German"
"387","G33_T_03_I",3875,9.45485567134554e-05,0,NA,NA,"",NA,NA,NA,33,"German","target",3,"information","female",19,"German"
"388","G33_T_03_I",3885,9.44856731149623e-05,0,NA,NA,"",NA,NA,NA,33,"German","target",3,"information","female",19,"German"
"389","G33_T_03_I",3895,9.44518562251084e-05,0,NA,NA,"",NA,NA,NA,33,"German","target",3,"information","female",19,"German"
"390","G33_T_03_I",3905,9.44438428490897e-05,0,NA,NA,"",NA,NA,NA,33,"German","target",3,"information","female",19,"German"
"391","G33_T_03_I",3915,9.44394934269208e-05,0,NA,NA,"",NA,NA,NA,33,"German","target",3,"information","female",19,"German"
"392","G33_T_03_I",3925,9.43954320888814e-05,0,NA,NA,"",NA,NA,NA,33,"German","target",3,"information","female",19,"German"
"393","G33_T_03_I",3935,9.43114936153706e-05,0,NA,NA,"",NA,NA,NA,33,"German","target",3,"information","female",19,"German"
"394","G33_T_03_I",3945,4.71320085479161e-05,0,NA,NA,"",NA,NA,NA,33,"German","target",3,"information","female",19,"German"
"395","G33_T_03_I",3955,0,0,NA,NA,"",NA,NA,NA,33,"German","target",3,"information","female",19,"German"
"396","G33_T_03_I",3965,0,0,NA,NA,"",NA,NA,NA,33,"German","target",3,"information","female",19,"German"
"397","G33_T_03_I",3975,0,0,NA,NA,"",NA,NA,NA,33,"German","target",3,"information","female",19,"German"
"398","G33_T_03_I",3985,0,0,NA,NA,"",NA,NA,NA,33,"German","target",3,"information","female",19,"German"
"399","G33_T_03_I",3995,0,0,NA,NA,"",NA,NA,NA,33,"German","target",3,"information","female",19,"German"
"400","G33_T_03_I",4005,0,0,NA,NA,"",NA,NA,NA,33,"German","target",3,"information","female",19,"German"
"401","G33_T_03_I",4015,0,0,NA,NA,"",NA,NA,NA,33,"German","target",3,"information","female",19,"German"
"402","G33_T_03_I",4025,0,0,NA,NA,"",NA,NA,NA,33,"German","target",3,"information","female",19,"German"
"403","G33_T_03_I",4035,0,0,NA,NA,"",NA,NA,NA,33,"German","target",3,"information","female",19,"German"
